2 0.17400000826455653 0.6066666601691395 0.11600000550970435 0.15733333164826035
2 0.08600000408478081 0.5799999937880784 0.08400000398978591 0.12533333199098706
2 0.8060000382829458 0.4919999947305769 0.06800000322982669 0.09333333233371377
2 0.22100001049693674 0.5053333279211074 0.06200000294484198 0.08266666578128934
2 0.12700000603217632 0.49599999468773603 0.050000002374872565 0.05866666603833437
2 0.1540000073146075 0.4599999950733036 0.04800000227987766 0.06133333267644048
2 0.21400001016445458 0.4306666620541364 0.04000000189989805 0.050666666124016047
2 0.4970000236062333 0.4306666620541364 0.034000001614913344 0.06666666595265269
2 0.6510000309208408 0.44533332856372 0.050000002374872565 0.06399999931454659
2 0.7170000340556726 0.45199999515898526 0.058000002754852176 0.07733333250507712
