0 0.0720000034198165 0.4395424887770787 0.0800000037997961 0.16013072081841528
0 0.22500001068692654 0.37091503699775785 0.0740000035148114 0.16013072081841528
0 0.3330000158166513 0.3921568673104048 0.09400000446476042 0.1830065380781889
0 0.4870000231312588 0.40522876288741827 0.09000000427477062 0.1830065380781889
0 0.5920000281184912 0.44607843656558543 0.06400000303983688 0.15359477302990854
0 0.554000026313588 0.3872549064690247 0.06000000284984708 0.16666666860692203
0 0.6480000307783484 0.3986928150989115 0.05600000265985727 0.12418300798162818
0 0.7060000335332006 0.40522876288741827 0.0720000034198165 0.16339869471266866
0 0.760000036098063 0.4526143843540922 0.05200000246986747 0.1339869296643883
0 0.7950000377604738 0.43137255404144526 0.042000001994892955 0.13071895577013493
0 0.9160000435076654 0.40849673678167164 0.0760000036098063 0.16339869471266866
