0 0.33800001605413854 0.3629517937079072 0.05200000246986747 0.0933734904974699
2 0.9050000429851934 0.32078312058001757 0.0780000037048012 0.14156625978648663
2 0.7120000338181853 0.3463855292648077 0.05600000265985727 0.10240963473916054
2 0.5810000275960192 0.31024095229804516 0.05400000256486237 0.10240963473916054
2 0.2510000119218603 0.3749999860301614 0.042000001994892955 0.0933734904974699
2 0.13700000650715083 0.3584337215870619 0.058000002754852176 0.09036144241690636
2 0.288000013679266 0.3524096254259348 0.04000000189989805 0.07228915393352509
2 0.38700001838151366 0.3629517937079072 0.03800000180490315 0.07530120201408863
2 0.4190000199014321 0.3749999860301614 0.03000000142492354 0.07530120201408863
2 0.44700002123136073 0.3734939619898796 0.03000000142492354 0.048192769289016724
2 0.5110000242711976 0.3403614331036806 0.04600000218488276 0.09036144241690636
