2 0.07300000346731395 0.4573333284351975 0.14200000674463809 0.22133333096280694
2 0.8540000405628234 0.3906666624825448 0.0760000036098063 0.11999999871477485
2 0.22500001068692654 0.36266666278243065 0.07000000332482159 0.10666666552424431
2 0.6690000317757949 0.32799999648705125 0.05400000256486237 0.07999999914318323
2 0.6280000298283994 0.3373333297204226 0.04400000208988786 0.07199999922886491
2 0.2690000127768144 0.321333329891786 0.04600000218488276 0.07199999922886491
2 0.3680000174790621 0.29866666346788406 0.03200000151991844 0.04266666620969772
2 0.5710000271210447 0.31333332997746766 0.04600000218488276 0.06666666595265269
2 0.5270000250311568 0.2999999967869371 0.03000000142492354 0.05599999940022826
2 0.5090000241762027 0.30533333006314933 0.018000000854954123 0.050666666124016047
2 0.4910000233212486 0.3066666633822024 0.02200000104494393 0.053333332762122154
2 0.46300002199131995 0.2946666635107249 0.026000001234933734 0.04533333284780383
2 0.4270000202814117 0.30533333006314933 0.03000000142492354 0.050666666124016047
