0 0.09500000451225787 0.2566765563096851 0.1460000069346279 0.2640949538908899
0 0.46500002208631486 0.3026706213131547 0.08200000389479101 0.17804154194891453
0 0.780000037048012 0.2952522237319499 0.08400000398978591 0.16320474678650498
0 0.8890000422252342 0.30415430082939565 0.09400000446476042 0.16320474678650498
0 0.3880000184290111 0.31008901889435947 0.04800000227987766 0.10385756613686681
0 0.6640000315383077 0.2789317490532994 0.05600000265985727 0.11869436129927635
0 0.7320000347681344 0.31750741647556424 0.03600000170990825 0.1008902071043849
0 0.5950000282609835 0.30712165986187756 0.04600000218488276 0.09792284807190299
2 0.21600001025944948 0.3382789297029376 0.04000000189989805 0.08308605290949345
0 0.1540000073146075 0.35905044293031096 0.04000000189989805 0.1008902071043849
2 0.975000046310015 0.3115726984106004 0.042000001994892955 0.11275964323431253
