2 0.1500000071246177 0.3718750055413693 0.06000000284984708 0.10625000158324838
2 0.893000042415224 0.3718750055413693 0.05400000256486237 0.0875000013038516
2 0.10300000489223748 0.3671875054715201 0.03000000142492354 0.05312500079162419
2 0.2690000127768144 0.37968750565778464 0.034000001614913344 0.07187500107102096
2 0.30500001448672265 0.3593750053551048 0.04600000218488276 0.08125000121071935
2 0.3350000159116462 0.364062505424954 0.03800000180490315 0.07187500107102096
2 0.41400001966394484 0.35781250533182174 0.03200000151991844 0.07187500107102096
2 0.49800002365373075 0.38437500572763383 0.04000000189989805 0.06875000102445483
2 0.6240000296384096 0.36093750537838787 0.04000000189989805 0.07187500107102096
2 0.7880000374279916 0.39687500591389835 0.04800000227987766 0.06875000102445483
