2 0.14777778135612607 0.3466666750609875 0.07333333510905504 0.1000000024214387
2 0.41888889903202653 0.306666674092412 0.06444444600492716 0.1066666692495346
2 0.3388888970948756 0.4050000098068267 0.11777778062969446 0.15666667046025395
2 0.2744444510899484 0.306666674092412 0.0688888905569911 0.09333333559334278
2 0.6844444610178471 0.306666674092412 0.06222222372889519 0.1000000024214387
2 0.06333333486691117 0.460000011138618 0.11777778062969446 0.18666667118668556
2 0.8111111307516694 0.3450000083539635 0.06222222372889519 0.10333333583548665
2 0.5555555690079927 0.30333334067836404 0.06666666828095913 0.1066666692495346
2 0.6355555709451437 0.44166667736135423 0.12888889200985432 0.16333333728834987
2 0.04111111210659146 0.3583333420101553 0.07777777966111898 0.12333333631977439
2 0.9655555789358914 0.3283333412837237 0.055555556900799274 0.11666666949167848
2 0.8533333539962769 0.28833334031514823 0.04444444552063942 0.09000000217929482
2 0.9677778012119234 0.42333334358409047 0.06444444600492716 0.17333333753049374
