2 0.4660000221338123 0.21771772298961878 0.06800000322982669 0.12912913225591183
2 0.30300001439172775 0.21321321837604046 0.0740000035148114 0.13813814148306847
2 0.6970000331057236 0.20870871376246214 0.0740000035148114 0.12912913225591183
2 0.17400000826455653 0.1996997045353055 0.0800000037997961 0.14114114455878735
2 0.10300000489223748 0.2522522583603859 0.06600000313483179 0.11411411687731743
2 0.8660000411327928 0.22072072606533766 0.06000000284984708 0.12912913225591183
2 0.842000039992854 0.21021021530032158 0.05200000246986747 0.12012012302875519
2 0.37700001790653914 0.2672672737389803 0.04600000218488276 0.11411411687731743
2 0.22300001059193164 0.2747747814282775 0.03800000180490315 0.06306306459009647
2 0.4310000204714015 0.262762769125402 0.034000001614913344 0.08708708919584751
2 0.5910000280709937 0.21171171683818102 0.05400000256486237 0.11111111380159855
2 0.636000030208379 0.21921922452747822 0.04400000208988786 0.09009009227156639
2 0.7980000379029661 0.24174174759536982 0.03600000170990825 0.07507507689297199
2 0.057000002707354724 0.2642642706632614 0.034000001614913344 0.10810811072587967
