0 0.142969 0.613281 0.164062 0.345313
0 0.243750 0.472656 0.100000 0.235937
0 0.416406 0.511719 0.057813 0.148438
0 0.397656 0.426563 0.042188 0.078125
0 0.453125 0.417969 0.053125 0.117188
0 0.560937 0.428125 0.059375 0.146875
0 0.642969 0.804688 0.264062 0.387500
0 0.740625 0.545312 0.100000 0.187500
0 0.819531 0.461719 0.092188 0.185938
0 0.968750 0.595313 0.062500 0.325000
0 0.714844 0.374219 0.057813 0.145313
0 0.610156 0.469531 0.101562 0.142187
0 0.610156 0.639844 0.170313 0.248438
0 0.672656 0.479687 0.057813 0.143750
0 0.641406 0.376563 0.067187 0.093750
1 0.413281 0.745313 0.139063 0.325000
1 0.841406 0.723437 0.139063 0.325000
