0 0.08124999818392098 0.47565543558448553 0.052499998826533556 0.08239700458943844
0 0.08499999810010195 0.40636704536154866 0.04999999888241291 0.07865168619900942
0 0.13874999689869583 0.34831461030989885 0.042499999050050974 0.0749063678085804
0 0.27624999382533133 0.29213483445346355 0.047499998938292265 0.09737827815115452
0 0.36499999184161425 0.3052434488199651 0.04999999888241291 0.07865168619900942
0 0.43749999022111297 0.32584269996732473 0.04499999899417162 0.08239700458943844
0 0.49124998901970685 0.3408239735290408 0.042499999050050974 0.05243445746600628
0 0.5437499878462404 0.3408239735290408 0.05749999871477485 0.06741573102772236
2 0.3287499926518649 0.5430711666122079 0.05749999871477485 0.06741573102772236
2 0.4287499904166907 0.5093633010983467 0.047499998938292265 0.08239700458943844
