0 0.8387499812524766 0.34833334176801145 0.07249999837949872 0.11000000266358256
0 0.3349999925121665 0.34166667493991554 0.06999999843537807 0.11000000266358256
0 0.45249998988583684 0.34166667493991554 0.07999999821186066 0.12333333631977439
0 0.6687499850522727 0.3600000087171793 0.05749999871477485 0.08666666876524687
0 0.12124999728985131 0.3583333420101553 0.047499998938292265 0.07000000169500709
2 0.19874999555759132 0.3533333418890834 0.06749999849125743 0.1000000024214387
0 0.5137499885167927 0.36500000883825123 0.03749999916180968 0.07000000169500709
0 0.6299999859184027 0.3583333420101553 0.029999999329447746 0.07000000169500709
0 0.6012499865610152 0.36500000883825123 0.03249999927356839 0.05666666803881526
0 0.2912499934900552 0.38000000920146704 0.042499999050050974 0.07333333510905504
