0 0.507499988656491 0.44548873300664127 0.13999999687075615 0.23684211121872067
0 0.3362499924842268 0.1541353422217071 0.15749999647960067 0.27819549571722746
0 0.8649999806657434 0.464285725960508 0.1149999974295497 0.19172932812944055
0 0.04624999896623194 0.5225564041174948 0.0874999980442226 0.3007518872618675
0 0.7599999830126762 0.2500000062864274 0.09999999776482582 0.19172932812944055
0 0.7249999837949872 0.595864676637575 0.14499999675899744 0.19924812531098723
0 0.8424999811686575 0.12030075490474701 0.04999999888241291 0.09774436336010695
0 0.11624999740161002 0.5319549005944282 0.12249999726191163 0.2744360971264541
0 0.3624999918974936 0.46052632736973464 0.13999999687075615 0.24436090840026736
0 0.11874999734573066 0.07894737040624022 0.1324999970383942 0.15037594363093376
0 0.9762499781791121 0.4097744463942945 0.047499998938292265 0.17293233517557383
2 0.7499999832361937 0.13533834926784039 0.04999999888241291 0.07518797181546688
