0 0.6130000291159377 0.31955923326313496 0.12200000579468906 0.2148760361596942
0 0.8710000413702801 0.25482094031758606 0.10600000503472984 0.2066115732304752
0 0.1500000071246177 0.23415978299453855 0.09600000455975533 0.1928374683484435
0 0.3120000148192048 0.2713498661760241 0.11200000531971455 0.22865014104172587
0 0.4350000206613913 0.3057851283811033 0.05400000256486237 0.1157024810090661
0 0.9310000442201272 0.3085399493575096 0.05400000256486237 0.11019283905625343
2 0.3960000188089907 0.30716253886930645 0.04000000189989805 0.1074380180798471
0 0.5070000240812078 0.32369146472774446 0.042000001994892955 0.08539945026859641
0 0.6610000313958153 0.26446281373500824 0.09000000427477062 0.18181818444281816
0 0.7640000362880528 0.33195592765696347 0.03600000170990825 0.07438016636297107
