0 0.8630000409903005 0.5250000102678314 0.1500000071246177 0.20882353349588811
0 0.5750000273110345 0.5279411867959425 0.06200000294484198 0.1029411784838885
0 0.7030000333907083 0.6661764836171642 0.09000000427477062 0.1323529437649995
0 0.5150000244611874 0.48529412713833153 0.058000002754852176 0.11176470806822181
0 0.12700000603217632 0.4691176562337205 0.042000001994892955 0.0794117662589997
0 0.15100000717211515 0.47941177408210933 0.034000001614913344 0.0705882366746664
0 0.16400000778958201 0.42941177310422063 0.04000000189989805 0.058823530562222004
0 0.4370000207563862 0.4632353031774983 0.05400000256486237 0.0676470601465553
0 0.7100000337231904 0.3779411838622764 0.03600000170990825 0.0676470601465553
0 0.7390000351006165 0.395588243030943 0.034000001614913344 0.061764707090333104
0 0.6700000318232924 0.3602941246936098 0.03600000170990825 0.061764707090333104
0 0.5940000282134861 0.3970588312949985 0.03600000170990825 0.0470588244497776
0 0.3740000177640468 0.4338235378963873 0.03200000151991844 0.0500000009778887
0 0.20200000959448516 0.42941177310422063 0.03200000151991844 0.052941177505999804
2 0.421000019996427 0.3691176542779431 0.026000001234933734 0.0382352948654443
2 0.8880000421777368 0.425000008312054 0.04400000208988786 0.0794117662589997
