0 0.057000002707354724 0.19669670145958662 0.11000000522471964 0.3813813906162977
0 0.20200000959448516 0.14114114455878735 0.10000000474974513 0.16816817224025726
0 0.31100001477170736 0.08708708919584751 0.08600000408478081 0.1621621660888195
0 0.39700001885648817 0.08108108304440975 0.0740000035148114 0.12612612918019295
0 0.47100002237129956 0.08108108304440975 0.06600000313483179 0.1321321353316307
0 0.5350000254111364 0.09759759996086359 0.06200000294484198 0.11111111380159855
0 0.6450000306358561 0.08108108304440975 0.0780000037048012 0.12612612918019295
0 0.7580000360030681 0.10060060303658247 0.08800000417977571 0.18318318761885166
0 0.8570000407053158 0.11861862149089575 0.11800000560469925 0.21321321837604046
0 0.9450000448850915 0.11411411687731743 0.11000000522471964 0.2222222276031971
0 0.6910000328207389 0.051051052287220955 0.042000001994892955 0.07207207381725311
