0 0.7970000378554687 0.5092024421319366 0.07000000332482159 0.12269938364624977
2 0.5710000271210447 0.4831288231071085 0.06600000313483179 0.1319018374197185
2 0.4110000195214525 0.4294478427618742 0.06200000294484198 0.11656441446393728
2 0.882000041892752 0.4233128735795617 0.09600000455975533 0.17177913710474968
2 0.4760000226087868 0.4509202348999679 0.06000000284984708 0.12269938364624977
2 0.9640000457875431 0.4785275962203741 0.05600000265985727 0.14110429119318724
2 0.2980000141542405 0.4294478427618742 0.05200000246986747 0.11656441446393728
2 0.23300001106690615 0.45245397719554603 0.050000002374872565 0.08895705314353108
2 0.5460000259336084 0.44785275030881166 0.04400000208988786 0.08588956855237484
2 0.6840000324882567 0.4631901732645929 0.06000000284984708 0.1042944760993123
2 0.647000030730851 0.4355828119441867 0.042000001994892955 0.1104294452816248
