0 0.048438 0.481250 0.062500 0.118750
0 0.197656 0.480469 0.051562 0.104688
0 0.267969 0.463281 0.057813 0.089063
0 0.353906 0.482812 0.045312 0.093750
0 0.432812 0.460938 0.046875 0.093750
0 0.507812 0.474219 0.053125 0.076563
0 0.582812 0.473438 0.043750 0.090625
0 0.667188 0.497656 0.050000 0.085938
0 0.753906 0.474219 0.045312 0.098437
0 0.840625 0.496875 0.053125 0.093750
0 0.942187 0.453906 0.062500 0.107813
1 0.058594 0.639062 0.114062 0.218750
1 0.198437 0.639062 0.087500 0.212500
1 0.348438 0.629687 0.087500 0.212500
1 0.425000 0.606250 0.087500 0.212500
1 0.760938 0.626563 0.087500 0.212500
1 0.843750 0.654687 0.087500 0.212500
1 0.940625 0.610938 0.087500 0.212500
1 0.273438 0.610938 0.087500 0.212500
