2 0.9210000437451527 0.5015197629109025 0.08200000389479101 0.1398176308721304
2 0.12000000569969416 0.5349544137716293 0.08400000398978591 0.15197568573057652
2 0.7920000376179814 0.4741641394793987 0.06000000284984708 0.10334346629679203
2 0.20400000968948007 0.5288753863424063 0.06400000303983688 0.12158054858446121
2 0.26600001263432205 0.48632219433784485 0.04800000227987766 0.11550152115523815
2 0.3220000152941793 0.452887543477118 0.04400000208988786 0.07294832915067673
2 0.38300001819152385 0.44680851604789495 0.03800000180490315 0.06686930172145367
2 0.7340000348631293 0.46808511205017567 0.04800000227987766 0.08510638400912285
2 0.6690000317757949 0.4620060846209526 0.042000001994892955 0.07902735657989979
2 0.6060000287834555 0.4574468140490353 0.04400000208988786 0.0699088154360652
2 0.5240000248886645 0.4452887591905892 0.03200000151991844 0.06382978800684214
2 0.4390000208513811 0.4483282729052007 0.03000000142492354 0.051671733148396015
