0 0.076666668523103 0.6366666820831597 0.11777778062969446 0.22666667215526104
0 0.18111111549660563 0.7033333503641188 0.14888889249414206 0.29333334043622017
0 0.34777778619900346 0.46166667784564197 0.09555555786937475 0.20333333825692534
0 0.3222222300246358 0.2816666734870523 0.0533333346247673 0.11666666949167848
0 0.2922222292982042 0.28833334031514823 0.028888889588415623 0.076666668523103
0 0.3900000094436109 0.3000000072643161 0.05111111234873533 0.08666666876524687
0 0.42555556586012244 0.3733333423733711 0.0688888905569911 0.12000000290572643
0 0.49222223414108157 0.306666674092412 0.05111111234873533 0.1000000024214387
0 0.4511111220344901 0.25666667288169265 0.035555556416511536 0.06666666828095913
0 0.61444445932284 0.32500000786967576 0.06444444600492716 0.12333333631977439
0 0.5888889031484723 0.24333333922550082 0.04888889007270336 0.08666666876524687
0 0.536666679661721 0.2150000052060932 0.03777777869254351 0.076666668523103
0 0.5811111251823604 0.18500000447966158 0.033333334140479565 0.05666666803881526
0 0.8577777985483408 0.15833333716727793 0.02666666731238365 0.05000000121071935
0 0.7811111300252378 0.1833333377726376 0.02444444503635168 0.060000001452863216
0 0.8111111307516694 0.21000000508502126 0.031111111864447594 0.060000001452863216
0 0.7600000184029341 0.15000000363215804 0.017777778208255768 0.04000000096857548
0 0.7733333520591259 0.2766666733659804 0.04444444552063942 0.09333333559334278
0 0.7166666840203106 0.19666667142882943 0.02444444503635168 0.04666666779667139
0 0.693333350121975 0.17333333753049374 0.02222222276031971 0.04666666779667139
0 0.6522222380153835 0.18000000435858965 0.028888889588415623 0.0533333346247673
0 0.7044444615021348 0.23500000569038093 0.04000000096857548 0.076666668523103
0 0.7033333503641188 0.3200000077486038 0.055555556900799274 0.1000000024214387
0 0.610000014770776 0.19666667142882943 0.02000000048428774 0.04666666779667139
