0 0.15722222602926195 0.1841666711261496 0.03666666755452752 0.07166666840203106
0 0.228888894431293 0.13250000320840627 0.02666666731238365 0.05500000133179128
0 0.25500000617466867 0.22750000550877303 0.027777778450399637 0.05833333474583924
0 0.28000000678002834 0.12750000308733433 0.02666666731238365 0.05833333474583924
0 0.3433333416469395 0.14916667027864605 0.033333334140479565 0.05500000133179128
0 0.40055556525476277 0.11833333619870245 0.027777778450399637 0.05666666803881526
0 0.4277777881361544 0.2516666727606207 0.028888889588415623 0.060000001452863216
0 0.4438888996373862 0.3141666742740199 0.03222222300246358 0.07166666840203106
0 0.4900000118650496 0.15083333698567003 0.028888889588415623 0.051666667917743325
0 0.5766666806302965 0.15750000381376594 0.02444444503635168 0.05833333474583924
0 0.616111126029864 0.17000000411644578 0.025555556174367666 0.05666666803881526
0 0.6483333490323275 0.15500000375322998 0.025555556174367666 0.04666666779667139
0 0.6827777943108231 0.152500003692694 0.025555556174367666 0.04833333450369537
0 0.5772222361993045 0.229166672215797 0.030000000726431608 0.06500000157393515
0 0.5272222349885851 0.32666667457669973 0.030000000726431608 0.07000000169500709
0 0.610000014770776 0.2691666731843725 0.031111111864447594 0.05833333474583924
0 0.6277777929790318 0.304166674031876 0.02666666731238365 0.061666668159887195
0 0.6838889054488391 0.23416667233686894 0.03444444527849555 0.061666668159887195
0 0.6772222386207432 0.3433333416469395 0.03666666755452752 0.07000000169500709
0 0.7055555726401508 0.32416667451616377 0.033333334140479565 0.07166666840203106
0 0.685000016586855 0.48750001180451363 0.03888888983055949 0.06500000157393515
0 0.6422222377732396 0.5408333464292809 0.03777777869254351 0.06833333498798311
0 0.5211111237294972 0.4900000118650496 0.04666666779667139 0.076666668523103
0 0.7966666859574616 0.30916667415294796 0.031111111864447594 0.05500000133179128
0 0.7900000191293657 0.3516666751820594 0.035555556416511536 0.06333333486691117
0 0.8050000194925815 0.23916667245794088 0.030000000726431608 0.06833333498798311
0 0.8877777992747724 0.306666674092412 0.035555556416511536 0.06333333486691117
0 0.9861111349891871 0.2700000065378845 0.025555556174367666 0.06666666828095913
