0 0.1099999975413084 0.28833334031514823 0.06999999843537807 0.10333333583548665
0 0.03124999930150807 0.3283333412837237 0.042499999050050974 0.05666666803881526
0 0.21874999511055648 0.32666667457669973 0.047499998938292265 0.08666666876524687
0 0.26749999402090907 0.3516666751820594 0.03999999910593033 0.076666668523103
0 0.3637499918695539 0.30166667397134006 0.052499998826533556 0.10333333583548665
0 0.4124999907799065 0.3200000077486038 0.029999999329447746 0.07333333510905504
0 0.44124999013729393 0.3000000072643161 0.052499998826533556 0.09333333559334278
0 0.6249999860301614 0.305000007385388 0.06499999854713678 0.1300000031478703
0 0.754999983124435 0.3350000081118196 0.05999999865889549 0.08333333535119891
0 0.9574999785982072 0.3233333411626518 0.05999999865889549 0.1066666692495346
