0 0.3674999917857349 0.6500000157393515 0.07999999821186066 0.153333337046206
0 0.4449999900534749 0.613333348184824 0.06499999854713678 0.12666666973382235
0 0.4437499900814146 0.4833333450369537 0.07249999837949872 0.1000000024214387
0 0.5087499886285514 0.41000000992789865 0.06249999860301614 0.1066666692495346
0 0.5349999880418181 0.4916666785720736 0.07999999821186066 0.11000000266358256
0 0.5912499867845327 0.4350000105332583 0.0824999981559813 0.12333333631977439
0 0.5812499870080501 0.24666667263954878 0.042499999050050974 0.08000000193715096
0 0.5824999869801104 0.13500000326894224 0.04999999888241291 0.076666668523103
0 0.6174999861977994 0.2583333395887166 0.0549999987706542 0.09000000217929482
0 0.6912499845493585 0.26333333970978856 0.052499998826533556 0.09333333559334278
