0 0.22500001068692654 0.3273273352533579 0.04600000218488276 0.07207207381725311
0 0.35200001671910286 0.3198198275640607 0.04400000208988786 0.08108108304440975
0 0.4680000222288072 0.361861870624125 0.06000000284984708 0.09909910149872303
0 0.5090000241762027 0.3438438521698117 0.034000001614913344 0.07507507689297199
0 0.5180000246036798 0.24774775374680758 0.028000001329928637 0.057057058438658714
0 0.585000027786009 0.3888888983055949 0.03800000180490315 0.07507507689297199
0 0.6640000315383077 0.39039039984345436 0.020000000949949026 0.036036036908626556
0 0.7200000341981649 0.40090091060847044 0.020000000949949026 0.045045046135783195
0 0.6390000303508714 0.3888888983055949 0.018000000854954123 0.03303303383290768
0 0.6140000291634351 0.37087087985128164 0.020000000949949026 0.03303303383290768
0 0.8640000410377979 0.4069069167599082 0.03200000151991844 0.057057058438658714
