0 0.217969 0.563281 0.045312 0.073438
0 0.328125 0.596094 0.034375 0.070312
0 0.427344 0.629687 0.045312 0.084375
0 0.457031 0.623437 0.026562 0.068750
0 0.510938 0.572656 0.043750 0.057813
0 0.678906 0.605469 0.048438 0.070312
0 0.421875 0.232031 0.015625 0.026562
0 0.478906 0.235156 0.017188 0.029687
1 0.209375 0.689844 0.093750 0.157812
1 0.320312 0.679688 0.078125 0.131250
1 0.392188 0.732812 0.078125 0.131250
1 0.652344 0.689844 0.098437 0.145313
1 0.501563 0.657813 0.053125 0.121875
1 0.453125 0.742188 0.053125 0.121875
