0 0.8824999802745879 0.7672727324534208 0.024999999441206455 0.04000000027008355
0 0.7587499830406159 0.6818181864218786 0.02249999949708581 0.032727272948250175
0 0.6937499844934791 0.6472727316431701 0.02249999949708581 0.03636363660916686
0 0.8499999810010195 0.6472727316431701 0.01749999960884452 0.025454545626416802
0 0.8668749806238338 0.5836363675771281 0.00874999980442226 0.014545454643666744
0 0.9399999789893627 0.5845454584923573 0.009999999776482582 0.020000000135041773
0 0.9243749793386087 0.5818181857466698 0.011249999748542905 0.01818181830458343
0 0.9206249794224277 0.5336363672395237 0.00874999980442226 0.016363636474125087
0 0.26437499409075826 0.7027272774721496 0.021249999525025487 0.03090909111779183
0 0.1731249961303547 0.5690909129334614 0.021249999525025487 0.02909090928733349
0 0.03687499917577952 0.715454550285358 0.023749999469146132 0.038181818439625204
0 0.07187499839346856 0.6263636405928992 0.01874999958090484 0.027272727456875145
0 0.13187499705236405 0.5527272764593363 0.021249999525025487 0.02909090928733349
0 0.23249999480322003 0.5600000037811697 0.014999999664723873 0.025454545626416802
0 0.2731249938951805 0.5572727310354821 0.016249999636784196 0.027272727456875145
0 0.6968749844236299 0.8227272782824002 0.023749999469146132 0.038181818439625204
0 0.14499999675899744 0.5690909129334614 0.019999999552965164 0.02909090928733349
