0 0.618750 0.450000 0.034375 0.059375
0 0.490625 0.459375 0.025000 0.040625
0 0.432812 0.450781 0.025000 0.048438
0 0.419531 0.474219 0.029687 0.057813
0 0.376563 0.454688 0.031250 0.053125
0 0.368750 0.483594 0.037500 0.067187
0 0.335156 0.478906 0.029687 0.057813
0 0.173437 0.458594 0.040625 0.070312
0 0.204687 0.473438 0.025000 0.053125
0 0.214844 0.462500 0.023438 0.046875
0 0.060156 0.446094 0.035937 0.057813
0 0.094531 0.460938 0.026562 0.046875
0 0.138281 0.482812 0.032813 0.050000
0 0.030469 0.484375 0.057813 0.100000
0 0.810156 0.405469 0.060937 0.095312
0 0.875781 0.455469 0.039062 0.064062
0 0.926562 0.428125 0.078125 0.134375
1 0.825000 0.631250 0.106250 0.271875
