0 0.08285714196972549 0.12580644967965782 0.06666666595265269 0.12903225608170033
0 0.20095237880013883 0.09032257925719023 0.05523809464648366 0.13548386888578534
0 0.26095237815752625 0.1435483848908916 0.06476190406829119 0.15161290089599788
0 0.3285714250523597 0.12419354647863656 0.06285714218392968 0.14516128809191287
0 0.4171428526751697 0.12903225608170033 0.053333332762122154 0.11612903047353029
0 0.4733333282638341 0.1612903201021254 0.05142857087776065 0.12903225608170033
0 0.5095238040667027 0.10322580486536026 0.05523809464648366 0.13548386888578534
0 0.5847618984989822 0.12096774007659405 0.057142856530845165 0.12580644967965782
0 0.6590476119890809 0.07580645044799894 0.053333332762122154 0.13225806248374283
0 0.6923809449654073 0.16451612650416791 0.05523809464648366 0.14193548168987036
0 0.7361904683057219 0.09677419206127524 0.05523809464648366 0.12258064327761531
0 0.8104761817958206 0.10645161126740277 0.05523809464648366 0.12903225608170033
0 0.8914285618811846 0.10483870806638151 0.053333332762122154 0.1193548368755728
0 0.947619037469849 0.17741935211233795 0.05904761841520667 0.12258064327761531
