0 0.142969 0.361719 0.026562 0.064062
0 0.166406 0.353125 0.035937 0.075000
0 0.301563 0.298438 0.071875 0.156250
0 0.417187 0.314844 0.068750 0.145313
0 0.375000 0.375000 0.025000 0.043750
0 0.463281 0.362500 0.029687 0.050000
0 0.512500 0.369531 0.031250 0.057813
0 0.646094 0.365625 0.029687 0.059375
0 0.666406 0.385937 0.020313 0.043750
0 0.689844 0.383594 0.029687 0.048438
1 0.132031 0.434375 0.048438 0.115625
1 0.177344 0.450000 0.048438 0.115625
1 0.649219 0.453125 0.048438 0.115625
1 0.702344 0.453125 0.048438 0.115625
1 0.527344 0.459375 0.048438 0.115625
1 0.427344 0.551562 0.157812 0.300000
1 0.278906 0.525000 0.157812 0.300000
