0 0.027343750407453626 0.5885416973615065 0.048437500721774995 0.08125000423751771
0 0.09843750146683306 0.5656250294996426 0.05000000074505806 0.07708333735354245
0 0.2015625030035153 0.5166666936129332 0.040625000605359674 0.06666667014360428
0 0.255468753806781 0.5697916963836178 0.04218750062864274 0.07291667046956718
0 0.37265625555301085 0.6250000325962901 0.04218750062864274 0.058333336375653744
0 0.41406250617001206 0.5145833601709455 0.05312500079162419 0.07083333702757955
0 0.49843750742729753 0.5520833621267229 0.04687500069849193 0.07083333702757955
0 0.5718750085216016 0.5614583626156673 0.0437500006519258 0.07291667046956718
0 0.6734375100350007 0.5656250294996426 0.0437500006519258 0.06875000358559191
0 0.7757812615600415 0.5625000293366611 0.04531250067520887 0.07083333702757955
0 0.8656250128988177 0.568750029662624 0.04687500069849193 0.07500000391155481
0 0.9570312642608769 0.5718750298256055 0.048437500721774995 0.07291667046956718
0 0.8906250132713467 0.3843750200467184 0.0437500006519258 0.06875000358559191
0 0.7523437612107955 0.4062500211875886 0.03906250058207661 0.058333336375653744
0 0.6867187602329068 0.3822916866047308 0.04218750062864274 0.06458333670161664
0 0.5750000085681677 0.35520835185889155 0.040625000605359674 0.06875000358559191
0 0.5085937575786375 0.36250001890584826 0.03906250058207661 0.06250000325962901
0 0.4437500066123903 0.3718750193947926 0.037500000558793545 0.06041666981764138
0 0.3734375055646524 0.36770835251081735 0.037500000558793545 0.06875000358559191
0 0.31640625471482053 0.37916668644174933 0.03906250058207661 0.06250000325962901
0 0.2601562538766302 0.3645833523478359 0.03593750053551048 0.07083333702757955
0 0.2039062530384399 0.37395835283678025 0.04218750062864274 0.06875000358559191
0 0.12812500190921128 0.3656250190688297 0.040625000605359674 0.06458333670161664
