0 0.4368546564364806 0.40297620586352423 0.023828435805626214 0.04404762072954327
0 0.46346307641942985 0.41607144445879385 0.021445592225063592 0.03928571578580886
0 0.5579825384484138 0.42857144493609667 0.021445592225063592 0.030952382134273648
0 0.579030990076717 0.42857144493609667 0.01906274864450097 0.03333333460614085
0 0.5961080357374158 0.42976192117203027 0.01667990506393835 0.03333333460614085
0 0.6247021587041672 0.4428571597672999 0.019857029838021845 0.028571429662406445
0 0.6425734855583869 0.4488095409469679 0.017474186257459223 0.028571429662406445
0 0.6350278142199386 0.48273811367107555 0.024622716999147087 0.041666668257676065
0 0.673550452105701 0.4315476355259307 0.022239873418584466 0.03690476331394166
0 0.689038935379358 0.46904763695783913 0.021445592225063592 0.03809523954987526
0 0.7073074028303381 0.4446428741212003 0.019857029838021845 0.03690476331394166
0 0.7347101040068083 0.4476190647110343 0.023828435805626214 0.04047619202174246
0 0.7684670547314454 0.4517857315368019 0.019857029838021845 0.03214285837020725
0 0.6509134380903561 0.4458333503571339 0.015091342676896602 0.03214285837020725
0 0.9193804815004114 0.47321430378360674 0.013502780289854854 0.022619048482738435
0 0.940826073725475 0.47559525625547394 0.015091342676896602 0.02500000095460564
