0 0.12946428643772379 0.5589812512043864 0.01964285725262016 0.03485254803672433
0 0.1473214293946512 0.5495978728868067 0.01964285725262016 0.03753351327031851
0 0.166071429499425 0.5549598033539951 0.01785714295692742 0.03217158280313015
0 0.25982143002329394 0.5522788381204009 0.01964285725262016 0.03217158280313015
0 0.29017857305007055 0.5616622164379805 0.016071428661234677 0.02949061756953597
0 0.3125000017462298 0.5563002859707922 0.01785714295692742 0.02949061756953597
0 0.33035714470315725 0.5549598033539951 0.014285714365541935 0.02680965233594179
0 0.35446428769500926 0.5482573902700096 0.012500000069849193 0.02949061756953597
0 0.36696428776485845 0.5455764250364155 0.016071428661234677 0.03485254803672433
0 0.380357144982554 0.5469169076532125 0.014285714365541935 0.02680965233594179
0 0.39732143079163507 0.5563002859707922 0.012500000069849193 0.024128687102347612
0 0.4169642880442552 0.5509383555036038 0.016071428661234677 0.024128687102347612
0 0.4267857166705653 0.5576407685875893 0.014285714365541935 0.02680965233594179
0 0.44375000247964635 0.5563002859707922 0.012500000069849193 0.024128687102347612
0 0.47767857409780845 0.553619320737198 0.012500000069849193 0.024128687102347612
0 0.4883928598719649 0.553619320737198 0.012500000069849193 0.024128687102347612
0 0.5089285742724314 0.553619320737198 0.014285714365541935 0.024128687102347612
0 0.5250000029336661 0.5509383555036038 0.014285714365541935 0.02949061756953597
0 0.5437500030384399 0.5509383555036038 0.012500000069849193 0.024128687102347612
0 0.560714288847521 0.5469169076532125 0.014285714365541935 0.02680965233594179
0 0.5857142889872193 0.5522788381204009 0.021428571548312902 0.048257374204695225
0 0.6383928607101552 0.5549598033539951 0.012500000069849193 0.021447721868753433
0 0.601785717648454 0.5509383555036038 0.010714285774156451 0.024128687102347612
0 0.6526785750756972 0.553619320737198 0.016071428661234677 0.02949061756953597
0 0.6892857181373984 0.5589812512043864 0.01785714295692742 0.02949061756953597
0 0.7303571469383314 0.5469169076532125 0.01785714295692742 0.03217158280313015
0 0.7687500042957254 0.5375335293356329 0.023214285844005644 0.03485254803672433
0 0.7883928615483455 0.5509383555036038 0.016071428661234677 0.02949061756953597
0 0.8883928621071391 0.5630026990547776 0.01964285725262016 0.042895443737506866
