0 0.3150000076275319 0.5633333469741046 0.10333333583548665 0.153333337046206
0 0.3908333427971229 0.41666667675599456 0.05833333474583924 0.1000000024214387
0 0.382500009262003 0.33444445254281163 0.03500000084750354 0.060000001452863216
0 0.3533333418890834 0.3233333411626518 0.02666666731238365 0.04666666779667139
0 0.42333334358409047 0.3733333423733711 0.05000000121071935 0.0844444464892149
0 0.44666667748242617 0.3433333416469395 0.033333334140479565 0.05111111234873533
0 0.46416667790617794 0.31777778547257185 0.025000000605359674 0.04444444552063942
0 0.4758333448553458 0.2977777849882841 0.015000000363215804 0.02666666731238365
0 0.4900000118650496 0.31888889661058784 0.023333333898335695 0.05111111234873533
0 0.5116666790563613 0.3122222297824919 0.033333334140479565 0.060000001452863216
0 0.5066666789352894 0.4055555653758347 0.076666668523103 0.11777778062969446
0 0.5416666797827929 0.34000000823289156 0.05000000121071935 0.07555555738508701
0 0.5883333475794643 0.3388888970948756 0.05000000121071935 0.09111111331731081
0 0.6233333484269679 0.3211111188866198 0.033333334140479565 0.0688888905569911
0 0.6416666822042316 0.2988888961263001 0.023333333898335695 0.05111111234873533
0 0.6950000168289989 0.33444445254281163 0.043333334382623434 0.060000001452863216
0 0.7250000175554305 0.3000000072643161 0.02666666731238365 0.04444444552063942
0 0.7508333515143022 0.28555556247010827 0.02833333401940763 0.04666666779667139
0 0.7950000192504376 0.2666666731238365 0.04000000096857548 0.057777779176831245
0 0.8033333527855575 0.37000000895932317 0.07000000169500709 0.08666666876524687
0 0.8533333539962769 0.2755555622279644 0.023333333898335695 0.04000000096857548
0 0.9041666885605082 0.3144444520585239 0.06833333498798311 0.09555555786937475
0 0.9791666903765872 0.3444444527849555 0.041666667675599456 0.08888889104127884
0 0.9850000238511711 0.2766666733659804 0.023333333898335695 0.04222222324460745
0 0.06833333498798311 0.688888905569911 0.016666667070239782 0.02666666731238365
