0 0.8358333535725251 0.4062499909196049 0.04500000108964741 0.07249999837949872
0 0.8216666865628213 0.4387499901931733 0.023333333898335695 0.042499999050050974
0 0.916666688863188 0.5312499881256372 0.030000000726431608 0.047499998938292265
0 0.7516666848678142 0.4174999906681478 0.02666666731238365 0.04999999888241291
0 0.7141666839597747 0.41999999061226845 0.03500000084750354 0.05999999865889549
0 0.6591666826279834 0.4512499899137765 0.041666667675599456 0.06249999860301614
0 0.5716666805092245 0.44249999010935426 0.02666666731238365 0.04499999899417162
0 0.5191666792379692 0.43749999022111297 0.03500000084750354 0.05999999865889549
0 0.4808333449764177 0.433749990304932 0.021666667191311717 0.042499999050050974
0 0.43416667717974633 0.43624999024905264 0.02833333401940763 0.052499998826533556
0 0.4533333443105221 0.44749998999759555 0.016666667070239782 0.03999999910593033
0 0.40166667639277875 0.44874998996965587 0.02000000048428774 0.042499999050050974
0 0.35500000859610736 0.4162499906960875 0.02666666731238365 0.047499998938292265
0 0.3233333411626518 0.45374998985789716 0.02666666731238365 0.03749999916180968
0 0.29500000714324415 0.433749990304932 0.023333333898335695 0.047499998938292265
0 0.2758333400124684 0.4462499900255352 0.02833333401940763 0.052499998826533556
0 0.383333342615515 0.4387499901931733 0.02000000048428774 0.03749999916180968
0 0.20333333825692534 0.44749998999759555 0.02666666731238365 0.03999999910593033
0 0.11000000266358256 0.4462499900255352 0.030000000726431608 0.047499998938292265
