0 0.16666667070239782 0.8261905077379197 0.016666667070239782 0.028571429662406445
0 0.2225000053877011 0.7488095524022356 0.011666666949167848 0.016666667303070426
0 0.5316666795406491 0.5904762130230665 0.013333333656191826 0.01904761977493763
0 0.5225000126520172 0.4440476360032335 0.011666666949167848 0.021428572246804833
0 0.5866666808724403 0.46785716072190553 0.006666666828095913 0.011904762359336019
0 0.616666681598872 0.47380954190157354 0.01000000024214387 0.014285714831203222
0 0.540000013075769 0.49404763791244477 0.006666666828095913 0.016666667303070426
0 0.5541666800854728 0.5047619240358472 0.008333333535119891 0.01904761977493763
0 0.44916667754296213 0.6357143099885434 0.008333333535119891 0.014285714831203222
0 0.92166668898426 0.6928571693133563 0.02666666731238365 0.04285714449360967
0 0.8800000213086605 0.7011905029648915 0.01000000024214387 0.016666667303070426
0 0.7233333508484066 0.5619047833606601 0.02000000048428774 0.03333333460614085
