0 0.8540000405628234 0.42342343367636204 0.04000000189989805 0.060060061514377594
0 0.647000030730851 0.43843844905495644 0.042000001994892955 0.06606606766581535
0 0.49600002355873585 0.4669669782742858 0.04400000208988786 0.08108108304440975
0 0.44900002132635564 0.4774774890393019 0.03000000142492354 0.054054055362939835
0 0.38700001838151366 0.4699699813500047 0.026000001234933734 0.039039039984345436
0 0.34800001652911305 0.47297298442572355 0.03200000151991844 0.06306306459009647
0 0.30100001429673284 0.48498499672859907 0.03800000180490315 0.07507507689297199
0 0.3240000153891742 0.48348349519073963 0.020000000949949026 0.048048049211502075
0 0.24300001154188067 0.5210210336372256 0.018000000854954123 0.03303303383290768
0 0.1930000091670081 0.5315315444022417 0.014000000664964318 0.030030030757188797
0 0.15100000717211515 0.5150150274857879 0.03800000180490315 0.06306306459009647
0 0.113000005367212 0.53603604901582 0.018000000854954123 0.03303303383290768
0 0.03600000170990825 0.5225225351750851 0.03200000151991844 0.054054055362939835
