0 0.17631579312728718 0.4611398847773671 0.04385965003166348 0.07253885827958584
0 0.27280702319694683 0.4624352215323597 0.03333333402406424 0.06994818476960063
0 0.2964912342140451 0.4546632010024041 0.024561404017731547 0.05440414370968938
0 0.43070176331093535 0.4248704556375742 0.029824562021531165 0.05699481721967459
0 0.5184210633742623 0.44170983345247805 0.029824562021531165 0.05440414370968938
0 0.5421052743913606 0.4339378129225224 0.031578948022797704 0.05440414370968938
0 0.6298245744546875 0.4196891086176038 0.028070176020264626 0.05181347019970417
0 0.6649122944800183 0.4261657923925668 0.024561404017731547 0.044041449669748545
0 0.683333347493317 0.4183937718626112 0.022807018016465008 0.044041449669748545
0 0.7236842255224474 0.4274611291475594 0.022807018016465008 0.041450776159763336
0 0.7815789635642432 0.4261657923925668 0.022807018016465008 0.044041449669748545
