0 0.9060299127013423 0.2778755908657331 0.06029929465148598 0.09565727837616578
0 0.8369278013124131 0.30809859599685296 0.0779049281263724 0.11854460265021771
0 0.740757028455846 0.27552817299147137 0.044014083687216043 0.08509389794198796
0 0.5968309747986495 0.298708924499806 0.03961267531849444 0.089201879221946
0 0.5616197078488767 0.2948943704541307 0.05809859046712518 0.11091549455886707
0 0.5052816807292402 0.2849178444885183 0.04753521038219333 0.08274648006772622
0 0.37433978175977245 0.2863849806599319 0.056778167956508696 0.08685446134768426
0 0.3272447122144513 0.33861502836225554 0.056778167956508696 0.09976525965612382
0 0.27772886806633323 0.31279343174537644 0.06426056218333542 0.10093896859325469
0 0.24075703776907176 0.3192488308995962 0.022007041843608022 0.07746478985063732
0 0.17319541930919513 0.32335681217955425 0.056778167956508696 0.10093896859325469
0 0.02156690100673586 0.3036971874826122 0.0422535203397274 0.0839201890048571
