0 0.9096154129947536 0.24601367767900229 0.05000000155996531 0.09567198576405644
0 0.7833333577727899 0.3815489908447489 0.03333333437331021 0.04783599288202822
0 0.6679487387882546 0.3792710864217952 0.03333333437331021 0.06605922826565802
0 0.633333353092894 0.3781321342103183 0.035897437017410994 0.0637813238427043
0 0.7185897660092451 0.3917995607480407 0.0346153856953606 0.0637813238427043
0 0.241666674206499 0.40432803507428616 0.05512820684816688 0.11161731672473252
0 0.20448718586703762 0.46583145449403673 0.04487179627176374 0.07061503711156547
0 0.35448719054693356 0.44760821911040694 0.06282051478046924 0.12528474326245487
0 0.06538461742457002 0.5250569694908336 0.0692307713907212 0.13895216980017722
0 0.16794872318860143 0.5261959217023104 0.03333333437331021 0.059225514996796846
0 0.1743589797988534 0.47380411997437477 0.028205129085108638 0.05011389730498195
0 0.06474359176354483 0.3371298545971513 0.0346153856953606 0.0728929415345192
0 0.4724359121755697 0.3735763253644109 0.04230769362766296 0.09567198576405644
0 0.5506410428206436 0.3667426120955497 0.04487179627176374 0.08656036807224154
0 0.5871795054990798 0.3906606085365638 0.025641026441007853 0.05239180172793567
