0 0.08208333532093093 0.6700125394854695 0.02916666737291962 0.05269761546514928
0 0.1841666711261496 0.6455457894480787 0.021666667191311717 0.03889585903380066
0 0.40291667642304674 0.73776661651209 0.03916666761506349 0.07026348728686571
0 0.043333334382623434 0.6844416484818794 0.03666666755452752 0.05897114111576229
0 0.16958333743968979 0.6969886997831054 0.02750000066589564 0.046424089814536273
0 0.27166667324490845 0.6957339946529828 0.031666667433455586 0.05646173085551709
0 0.32625000789994374 0.6518193150986917 0.022500000544823706 0.03638644877355546
0 0.31000000750645995 0.5664993662503548 0.016666667070239782 0.02634880773257464
0 0.44875001086620614 0.7139272190397605 0.034166667493991554 0.05520702572539449
0 0.4991666787536815 0.6097866932395846 0.023333333898335695 0.03764115390367806
0 0.5416666797827929 0.5872020008973777 0.01833333377726376 0.03262233338318765
0 0.6041666812961921 0.5646173085551709 0.01833333377726376 0.03262233338318765
0 0.5891666809329763 0.6900878215674311 0.03500000084750354 0.060225846245884895
0 0.6495833490625955 0.6750313600059599 0.02916666737291962 0.047678794944658875
0 0.7783333521801978 0.7258469177759252 0.023333333898335695 0.04893350007478148
0 0.7950000192504376 0.704516930563841 0.031666667433455586 0.0639899616362527
0 0.9250000223983079 0.6700125394854695 0.03666666755452752 0.06775407702662051
