2 0.146094 0.296094 0.020313 0.035937
2 0.222656 0.281250 0.029687 0.050000
2 0.262500 0.292969 0.028125 0.054688
2 0.297656 0.307031 0.023438 0.051562
2 0.211719 0.303125 0.017188 0.043750
2 0.333594 0.301563 0.032813 0.062500
2 0.376563 0.295312 0.028125 0.071875
2 0.417969 0.314063 0.032813 0.071875
2 0.481250 0.267969 0.034375 0.070312
2 0.717969 0.317188 0.042188 0.103125
2 0.800781 0.270313 0.054688 0.103125
0 0.580469 0.255469 0.048438 0.110937
1 0.157812 0.370312 0.053125 0.106250
1 0.220312 0.375000 0.053125 0.106250
1 0.815625 0.471094 0.112500 0.304688
1 0.695312 0.457813 0.081250 0.218750
1 0.576562 0.421875 0.081250 0.218750
1 0.485938 0.422656 0.065625 0.201563
1 0.425781 0.424219 0.048438 0.154688
1 0.372656 0.409375 0.048438 0.146875
1 0.329688 0.402344 0.043750 0.154688
1 0.294531 0.388281 0.048438 0.117188
