0 0.471094 0.107031 0.079687 0.154688
0 0.653906 0.173437 0.035937 0.065625
0 0.800781 0.165625 0.048438 0.087500
0 0.900000 0.125000 0.046875 0.078125
0 0.367969 0.157812 0.026562 0.046875
0 0.335938 0.169531 0.028125 0.048438
0 0.069531 0.167969 0.020313 0.039062
0 0.090625 0.172656 0.021875 0.048438
0 0.116406 0.172656 0.014063 0.023438
0 0.129688 0.150000 0.034375 0.068750
0 0.181250 0.171094 0.012500 0.020313
0 0.191406 0.166406 0.010937 0.023438
0 0.208594 0.175781 0.014063 0.023438
0 0.221094 0.174219 0.017188 0.039062
0 0.233594 0.169531 0.014063 0.023438
0 0.260937 0.175781 0.012500 0.023438
0 0.282813 0.172656 0.015625 0.035937
0 0.271094 0.175781 0.007812 0.023438
0 0.305469 0.177344 0.010937 0.020313
0 0.352344 0.171094 0.014063 0.032813
0 0.324219 0.180469 0.010937 0.032813
0 0.432031 0.167969 0.026562 0.045312
1 0.466406 0.350781 0.126562 0.329688
1 0.907031 0.250000 0.073438 0.178125
1 0.807813 0.304688 0.081250 0.206250
1 0.656250 0.278906 0.062500 0.129688
1 0.340625 0.263281 0.062500 0.129688
1 0.280469 0.234375 0.051562 0.087500
1 0.223438 0.230469 0.050000 0.073438
1 0.188281 0.221094 0.026562 0.076563
