0 0.497656 0.084375 0.079687 0.134375
0 0.425781 0.140625 0.076563 0.115625
0 0.287500 0.203125 0.068750 0.109375
0 0.208594 0.264844 0.064062 0.101562
0 0.648438 0.334375 0.040625 0.071875
0 0.776563 0.298438 0.040625 0.056250
0 0.700000 0.416406 0.021875 0.048438
0 0.896094 0.438281 0.020313 0.039062
0 0.971875 0.435156 0.018750 0.035937
1 0.207031 0.417187 0.070312 0.162500
1 0.299219 0.378125 0.107813 0.209375
1 0.496094 0.317969 0.120313 0.292187
1 0.780469 0.419531 0.082812 0.132812
1 0.970313 0.481250 0.046875 0.071875
1 0.898438 0.496875 0.046875 0.071875
1 0.707812 0.493750 0.046875 0.071875
1 0.646094 0.427344 0.070312 0.123438
1 0.413281 0.353906 0.079687 0.217188
