2 0.08366935234516859 0.6580981176666683 0.0801411266438663 0.11122311817598529
2 0.08177923143375665 0.5179771500552306 0.03503024089150131 0.04267473114305176
2 0.15435987443197519 0.5028561823273776 0.03049395070411265 0.03864247308229096
2 0.17578124476131052 0.47832661245774943 0.022933467058464885 0.036626344051910564
2 0.25856854068115354 0.5028561823273776 0.025201612152159214 0.03864247308229096
2 0.2948588621802628 0.4889112898672465 0.022681450936943293 0.03158602147595957
2 0.23298890434671193 0.589381719881203 0.05972782080061734 0.07728494616458192
2 0.3879788190824911 0.493111558680539 0.022933467058464885 0.03797043007216416
2 0.4197328503942117 0.48286290277610533 0.028477821731939912 0.02956989244557917
2 0.40297377831302583 0.5420026876672637 0.03729838598519564 0.057795698870904744
2 0.44682458345778286 0.5277217737020692 0.027721773367375135 0.046034946193685755
2 0.5212953473674133 0.48286290277610533 0.021925402572378516 0.03158602147595957
2 0.5068044203799218 0.5003360210394021 0.03276209579780698 0.03965053759748116
2 0.8382056201808155 0.4223790318646934 0.07409273972734809 0.09341397840762511
