0 0.750781 0.455469 0.045312 0.076563
0 0.784375 0.487500 0.012500 0.028125
0 0.815625 0.485156 0.009375 0.017188
0 0.860938 0.487500 0.009375 0.015625
0 0.649219 0.468750 0.048438 0.087500
0 0.567969 0.482031 0.045312 0.082812
0 0.521875 0.463281 0.037500 0.060937
0 0.410938 0.456250 0.043750 0.059375
0 0.533594 0.339062 0.004687 0.009375
0 0.474219 0.378125 0.004687 0.009375
0 0.301563 0.457031 0.040625 0.064062
0 0.230469 0.385937 0.004687 0.006250
0 0.225781 0.382812 0.004687 0.006250
0 0.219531 0.381250 0.004687 0.006250
0 0.967969 0.591406 0.029687 0.054688
1 0.306250 0.614062 0.093750 0.187500
1 0.407813 0.595313 0.078125 0.156250
1 0.525781 0.603906 0.110937 0.167187
1 0.622656 0.605469 0.089063 0.160938
1 0.745313 0.572656 0.068750 0.157812
