2 0.021562499518040568 0.4891666785115376 0.04062499909196049 0.12500000302679837
2 0.09656249784165993 0.5141666791168973 0.06437499856110662 0.08000000193715096
2 0.1909374957322143 0.48541667842073366 0.11312499747145921 0.1458333368645981
2 0.2428124945727177 0.4891666785115376 0.05937499867286533 0.12833333644084632
2 0.35187499213498086 0.5566666801460087 0.11124999751336873 0.14666667021811008
2 0.31812499288935214 0.49291667860234156 0.061249998630955815 0.08750000211875886
2 0.39874999108724296 0.5083333456423134 0.08124999818392098 0.12000000290572643
2 0.5053124887053855 0.5116666790563613 0.0631249985890463 0.10333333583548665
2 0.5487499877344817 0.535833346308209 0.08124999818392098 0.10500000254251063
2 0.6696874850313179 0.5291666794801131 0.06562499853316694 0.09833333571441472
2 0.5040624887333252 0.38666667602956295 0.03687499917577952 0.05666666803881526
