0 0.545312 0.519531 0.071875 0.082812
0 0.153125 0.482031 0.071875 0.079687
0 0.521875 0.461719 0.040625 0.039062
0 0.743750 0.469531 0.040625 0.039062
2 0.337500 0.492188 0.062500 0.056250
2 0.392969 0.462500 0.057813 0.053125
2 0.464062 0.470313 0.050000 0.046875
2 0.642188 0.477344 0.059375 0.060937
2 0.679688 0.501563 0.043750 0.059375
0 0.707031 0.437500 0.035937 0.034375
2 0.606250 0.425781 0.025000 0.032813
2 0.646094 0.414844 0.029687 0.035937
2 0.672656 0.420312 0.023438 0.031250
2 0.537500 0.435937 0.028125 0.031250
1 0.160938 0.550781 0.093750 0.132812
1 0.514062 0.575781 0.093750 0.132812
1 0.276562 0.544531 0.093750 0.132812
