0 0.731250 0.347656 0.193750 0.229687
0 0.363281 0.488281 0.070312 0.079687
0 0.174219 0.468750 0.098437 0.125000
0 0.249219 0.488281 0.085938 0.114062
0 0.495312 0.476562 0.050000 0.056250
0 0.110156 0.420312 0.057813 0.081250
0 0.432812 0.490625 0.065625 0.068750
0 0.653906 0.403125 0.079687 0.090625
0 0.335156 0.450000 0.035937 0.037500
2 0.021875 0.452344 0.040625 0.070312
2 0.041406 0.395313 0.051562 0.062500
0 0.729688 0.028906 0.196875 0.054688
1 0.069531 0.634375 0.135937 0.290625
1 0.204687 0.595313 0.109375 0.150000
1 0.335938 0.584375 0.109375 0.150000
1 0.788281 0.693750 0.270313 0.468750
